,ID,fasta,A,C,G,T,total_nuc
0,12C16O_168h_100_unf_bin.13_12C16O_168h_100_unf_k141_5002053_6,12C16O_168h_100_unf_bin.13,0.1652421652421652,0.3561253561253561,0.3304843304843304,0.1481481481481481,351
1,12C16O_168h_100_unf_bin.13_12C16O_168h_100_unf_k141_5002053_10,12C16O_168h_100_unf_bin.13,0.1607843137254902,0.396078431372549,0.3215686274509804,0.1215686274509803,255
2,12C16O_168h_100_unf_bin.13_12C16O_168h_100_unf_k141_2282266_5,12C16O_168h_100_unf_bin.13,0.1814814814814815,0.3888888888888889,0.2851851851851852,0.1444444444444444,270
3,12C16O_168h_100_unf_bin.13_12C16O_168h_100_unf_k141_2282266_7,12C16O_168h_100_unf_bin.13,0.182648401826484,0.3675799086757991,0.3150684931506849,0.1347031963470319,438
4,12C16O_168h_100_unf_bin.13_12C16O_168h_100_unf_k141_1374711_11,12C16O_168h_100_unf_bin.13,0.1566091954022988,0.3606321839080459,0.3419540229885057,0.1408045977011494,696
5,12C16O_168h_100_unf_bin.13_12C16O_168h_100_unf_k141_2058366_7,12C16O_168h_100_unf_bin.13,0.2688172043010752,0.2849462365591398,0.3333333333333333,0.1129032258064516,186
6,12C16O_168h_100_unf_bin.13_12C16O_168h_100_unf_k141_243104_2,12C16O_168h_100_unf_bin.13,0.1836419753086419,0.338477366255144,0.3554526748971193,0.1224279835390946,1944
7,12C16O_168h_100_unf_bin.13_12C16O_168h_100_unf_k141_3195892_4,12C16O_168h_100_unf_bin.13,0.1925925925925926,0.3444444444444444,0.3185185185185185,0.1444444444444444,270
8,12C16O_168h_100_unf_bin.13_12C16O_168h_100_unf_k141_939368_7,12C16O_168h_100_unf_bin.13,0.1904761904761904,0.3761904761904762,0.2904761904761905,0.1428571428571428,210
9,12C16O_168h_100_unf_bin.13_12C16O_168h_100_unf_k141_1866053_11,12C16O_168h_100_unf_bin.13,0.1813953488372093,0.3968992248062015,0.3426356589147287,0.0790697674418604,645
10,12C16O_168h_100_unf_bin.13_12C16O_168h_100_unf_k141_850568_3,12C16O_168h_100_unf_bin.13,0.1928205128205128,0.3528205128205128,0.3282051282051282,0.1261538461538461,975
11,12C16O_168h_100_unf_bin.13_12C16O_168h_100_unf_k141_4605507_1,12C16O_168h_100_unf_bin.13,0.176017601760176,0.3762376237623762,0.3366336633663366,0.1111111111111111,909
12,12C16O_168h_100_unf_bin.13_12C16O_168h_100_unf_k141_3480707_1,12C16O_168h_100_unf_bin.13,0.22,0.3488888888888889,0.3088888888888889,0.1222222222222222,450
13,12C16O_168h_100_unf_bin.13_12C16O_168h_100_unf_k141_3480707_2,12C16O_168h_100_unf_bin.13,0.1680440771349862,0.3581267217630854,0.3443526170798898,0.1294765840220385,363
14,12C16O_168h_100_unf_bin.13_12C16O_168h_100_unf_k141_3480707_3,12C16O_168h_100_unf_bin.13,0.1657559198542805,0.3333333333333333,0.366120218579235,0.1347905282331511,549
15,12C16O_168h_100_unf_bin.13_12C16O_168h_100_unf_k141_3480707_4,12C16O_168h_100_unf_bin.13,0.219047619047619,0.3380952380952381,0.3333333333333333,0.1095238095238095,210
16,12C16O_168h_100_unf_bin.13_12C16O_168h_100_unf_k141_3480707_5,12C16O_168h_100_unf_bin.13,0.1845018450184501,0.3468634686346863,0.3665436654366543,0.1020910209102091,813
17,12C16O_168h_100_unf_bin.13_12C16O_168h_100_unf_k141_3480707_10,12C16O_168h_100_unf_bin.13,0.2096774193548387,0.3387096774193548,0.314516129032258,0.1370967741935483,372
18,12C16O_168h_100_unf_bin.13_12C16O_168h_100_unf_k141_3480707_11,12C16O_168h_100_unf_bin.13,0.1893939393939394,0.3459595959595959,0.3358585858585858,0.1287878787878787,396
19,12C16O_168h_100_unf_bin.13_12C16O_168h_100_unf_k141_3480707_12,12C16O_168h_100_unf_bin.13,0.1722488038277512,0.3748006379585327,0.2966507177033493,0.1562998405103668,627
20,12C16O_168h_100_unf_bin.13_12C16O_168h_100_unf_k141_3480707_14,12C16O_168h_100_unf_bin.13,0.1949152542372881,0.327683615819209,0.3361581920903955,0.1412429378531073,354
21,12C16O_168h_100_unf_bin.13_12C16O_168h_100_unf_k141_3829904_24,12C16O_168h_100_unf_bin.13,0.2172131147540983,0.3319672131147541,0.3579234972677595,0.0928961748633879,732
22,12C16O_168h_100_unf_bin.13_12C16O_168h_100_unf_k141_3829904_25,12C16O_168h_100_unf_bin.13,0.2163120567375886,0.3191489361702128,0.3404255319148936,0.1241134751773049,282
23,12C16O_168h_100_unf_bin.13_12C16O_168h_100_unf_k141_3829904_26,12C16O_168h_100_unf_bin.13,0.2018779342723004,0.3192488262910798,0.3192488262910798,0.1596244131455399,213
24,12C16O_168h_100_unf_bin.13_12C16O_168h_100_unf_k141_4854914_27,12C16O_168h_100_unf_bin.13,0.1979949874686716,0.2932330827067669,0.3609022556390977,0.1478696741854636,399
25,12C16O_168h_100_unf_bin.13_12C16O_168h_100_unf_k141_4854914_28,12C16O_168h_100_unf_bin.13,0.2013888888888889,0.3541666666666667,0.2986111111111111,0.1458333333333333,432
26,12C16O_168h_100_unf_bin.13_12C16O_168h_100_unf_k141_5310910_16,12C16O_168h_100_unf_bin.13,0.2102908277404921,0.3355704697986577,0.3221476510067114,0.1319910514541387,447
27,12C16O_168h_100_unf_bin.13_12C16O_168h_100_unf_k141_1243987_5,12C16O_168h_100_unf_bin.13,0.2063492063492063,0.3333333333333333,0.3333333333333333,0.1269841269841269,189
28,12C16O_168h_100_unf_bin.13_12C16O_168h_100_unf_k141_1243987_6,12C16O_168h_100_unf_bin.13,0.2136752136752136,0.3618233618233618,0.3133903133903133,0.1111111111111111,351
29,H3-16-all-fractions_metab_maxb_73.Sphingobacteriales_41_0_H3-16-all-fractions_k255_271627_3,H3-16-all-fractions_metab_maxb_73.Sphingobacteriales_41_0,0.3504761904761905,0.219047619047619,0.2361904761904762,0.1942857142857142,525
30,H3-16-all-fractions_metab_maxb_73.Sphingobacteriales_41_0_H3-16-all-fractions_k255_271627_5,H3-16-all-fractions_metab_maxb_73.Sphingobacteriales_41_0,0.3151815181518151,0.2145214521452145,0.2392739273927392,0.231023102310231,606
31,H3-16-all-fractions_metab_maxb_73.Sphingobacteriales_41_0_H3-16-all-fractions_k255_271627_7,H3-16-all-fractions_metab_maxb_73.Sphingobacteriales_41_0,0.3333333333333333,0.2230215827338129,0.2565947242206235,0.1870503597122302,417
32,H3-16-all-fractions_metab_maxb_73.Sphingobacteriales_41_0_H3-16-all-fractions_k255_271627_8,H3-16-all-fractions_metab_maxb_73.Sphingobacteriales_41_0,0.3333333333333333,0.2020997375328084,0.2414698162729658,0.2230971128608924,381
33,H3-16-all-fractions_metab_maxb_73.Sphingobacteriales_41_0_H3-16-all-fractions_k255_1777871_4,H3-16-all-fractions_metab_maxb_73.Sphingobacteriales_41_0,0.3154362416107382,0.2259507829977628,0.2393736017897091,0.2192393736017897,447
34,H3-16-all-fractions_metab_maxb_73.Sphingobacteriales_41_0_H3-16-all-fractions_k255_3495055_2,H3-16-all-fractions_metab_maxb_73.Sphingobacteriales_41_0,0.403921568627451,0.192156862745098,0.2352941176470588,0.1686274509803921,255
35,H3-16-all-fractions_metab_maxb_73.Sphingobacteriales_41_0_H3-16-all-fractions_k255_5751015_6,H3-16-all-fractions_metab_maxb_73.Sphingobacteriales_41_0,0.3222222222222222,0.2222222222222222,0.2074074074074074,0.2481481481481481,270
36,H3-16-all-fractions_metab_maxb_73.Sphingobacteriales_41_0_H3-16-all-fractions_k255_5808954_5,H3-16-all-fractions_metab_maxb_73.Sphingobacteriales_41_0,0.32015065913371,0.2071563088512241,0.2335216572504708,0.2391713747645951,531
37,H3-16-all-fractions_metab_maxb_73.Sphingobacteriales_41_0_H3-16-all-fractions_k255_7865364_4,H3-16-all-fractions_metab_maxb_73.Sphingobacteriales_41_0,0.3269230769230769,0.2756410256410256,0.2435897435897435,0.1538461538461538,156
38,H3-16-all-fractions_metab_maxb_73.Sphingobacteriales_41_0_H3-16-all-fractions_k255_8011605_6,H3-16-all-fractions_metab_maxb_73.Sphingobacteriales_41_0,0.3469945355191257,0.1830601092896175,0.2349726775956284,0.2349726775956284,366
39,H3-16-all-fractions_metab_maxb_73.Sphingobacteriales_41_0_H3-16-all-fractions_k255_8348949_3,H3-16-all-fractions_metab_maxb_73.Sphingobacteriales_41_0,0.3376068376068376,0.173076923076923,0.2329059829059829,0.2564102564102564,468
40,H3-16-all-fractions_metab_maxb_73.Sphingobacteriales_41_0_H3-16-all-fractions_k255_8348949_4,H3-16-all-fractions_metab_maxb_73.Sphingobacteriales_41_0,0.340632603406326,0.2068126520681265,0.2481751824817518,0.2043795620437956,411
41,H3-16-all-fractions_metab_maxb_73.Sphingobacteriales_41_0_H3-16-all-fractions_k255_8848064_2,H3-16-all-fractions_metab_maxb_73.Sphingobacteriales_41_0,0.326797385620915,0.2352941176470588,0.2156862745098039,0.2222222222222222,306
42,H3-16-all-fractions_metab_maxb_73.Sphingobacteriales_41_0_H3-16-all-fractions_k255_8848064_3,H3-16-all-fractions_metab_maxb_73.Sphingobacteriales_41_0,0.3090614886731391,0.1925566343042071,0.2669902912621359,0.2313915857605178,618
43,H3-16-all-fractions_metab_maxb_73.Sphingobacteriales_41_0_H3-16-all-fractions_k255_8848064_4,H3-16-all-fractions_metab_maxb_73.Sphingobacteriales_41_0,0.3474842767295597,0.1965408805031446,0.2327044025157232,0.2232704402515723,636
44,H3-16-all-fractions_metab_maxb_73.Sphingobacteriales_41_0_H3-16-all-fractions_k255_8848064_5,H3-16-all-fractions_metab_maxb_73.Sphingobacteriales_41_0,0.3933333333333333,0.1533333333333333,0.22,0.2333333333333333,300
45,H3-18-all-fractions_metab_maxbC_83.Verrucomicrobia_60_12_H3-18-all-fractions_k255_1000958_3,H3-18-all-fractions_metab_maxbC_83.Verrucomicrobia_60_12,0.2801418439716312,0.2836879432624113,0.2907801418439716,0.1453900709219858,282
46,H3-18-all-fractions_metab_maxbC_83.Verrucomicrobia_60_12_H3-18-all-fractions_k255_1232103_8,H3-18-all-fractions_metab_maxbC_83.Verrucomicrobia_60_12,0.2443064182194617,0.2836438923395445,0.3354037267080745,0.1366459627329192,483
47,H3-18-all-fractions_metab_maxbC_83.Verrucomicrobia_60_12_H3-18-all-fractions_k255_1370155_6,H3-18-all-fractions_metab_maxbC_83.Verrucomicrobia_60_12,0.2543859649122807,0.2719298245614035,0.2953216374269006,0.1783625730994152,342
48,H3-18-all-fractions_metab_maxbC_83.Verrucomicrobia_60_12_H3-18-all-fractions_k255_1499705_4,H3-18-all-fractions_metab_maxbC_83.Verrucomicrobia_60_12,0.2254098360655737,0.273224043715847,0.3237704918032787,0.1775956284153005,732
49,H3-18-all-fractions_metab_maxbC_83.Verrucomicrobia_60_12_H3-18-all-fractions_k255_2297390_7,H3-18-all-fractions_metab_maxbC_83.Verrucomicrobia_60_12,0.2537878787878788,0.2803030303030303,0.2916666666666667,0.1742424242424242,264
50,H3-18-all-fractions_metab_maxbC_83.Verrucomicrobia_60_12_H3-18-all-fractions_k255_2954002_2,H3-18-all-fractions_metab_maxbC_83.Verrucomicrobia_60_12,0.2467948717948718,0.3141025641025641,0.2756410256410256,0.1634615384615384,312
51,H3-18-all-fractions_metab_maxbC_83.Verrucomicrobia_60_12_H3-18-all-fractions_k255_2954002_3,H3-18-all-fractions_metab_maxbC_83.Verrucomicrobia_60_12,0.2489451476793249,0.2728551336146272,0.3263009845288326,0.1518987341772152,711
52,H3-18-all-fractions_metab_maxbC_83.Verrucomicrobia_60_12_H3-18-all-fractions_k255_2954002_4,H3-18-all-fractions_metab_maxbC_83.Verrucomicrobia_60_12,0.226475279106858,0.266347687400319,0.3365231259968102,0.1706539074960127,627
53,H3-18-all-fractions_metab_maxbC_83.Verrucomicrobia_60_12_H3-18-all-fractions_k255_2954002_5,H3-18-all-fractions_metab_maxbC_83.Verrucomicrobia_60_12,0.3017543859649123,0.2526315789473684,0.2701754385964912,0.175438596491228,285
54,H3-18-all-fractions_metab_maxbC_83.Verrucomicrobia_60_12_H3-18-all-fractions_k255_2954002_6,H3-18-all-fractions_metab_maxbC_83.Verrucomicrobia_60_12,0.2215320910973084,0.3084886128364389,0.2919254658385093,0.1780538302277432,483
55,H3-18-all-fractions_metab_maxbC_83.Verrucomicrobia_60_12_H3-18-all-fractions_k255_3541071_2,H3-18-all-fractions_metab_maxbC_83.Verrucomicrobia_60_12,0.2859960552268245,0.26232741617357,0.3214990138067061,0.1301775147928994,507
56,H3-18-all-fractions_metab_maxbC_83.Verrucomicrobia_60_12_H3-18-all-fractions_k255_3541071_3,H3-18-all-fractions_metab_maxbC_83.Verrucomicrobia_60_12,0.2383040935672514,0.2792397660818713,0.3128654970760234,0.1695906432748538,684
57,H3-18-all-fractions_metab_maxbC_83.Verrucomicrobia_60_12_H3-18-all-fractions_k255_3541071_4,H3-18-all-fractions_metab_maxbC_83.Verrucomicrobia_60_12,0.2136150234741784,0.2769953051643192,0.3286384976525822,0.1807511737089202,426
58,H3-18-all-fractions_metab_maxbC_83.Verrucomicrobia_60_12_H3-18-all-fractions_k255_3541071_6,H3-18-all-fractions_metab_maxbC_83.Verrucomicrobia_60_12,0.2828282828282828,0.2929292929292929,0.3131313131313131,0.1111111111111111,297
59,H3-18-all-fractions_metab_maxbC_83.Verrucomicrobia_60_12_H3-18-all-fractions_k255_3541071_7,H3-18-all-fractions_metab_maxbC_83.Verrucomicrobia_60_12,0.2140921409214092,0.2710027100271002,0.3197831978319783,0.1951219512195122,369
60,H3-18-all-fractions_metab_maxbC_83.Verrucomicrobia_60_12_H3-18-all-fractions_k255_3541071_8,H3-18-all-fractions_metab_maxbC_83.Verrucomicrobia_60_12,0.3053221288515406,0.2408963585434173,0.3221288515406162,0.1316526610644257,357
61,H3-18-all-fractions_metab_maxbC_83.Verrucomicrobia_60_12_H3-18-all-fractions_k255_3541071_9,H3-18-all-fractions_metab_maxbC_83.Verrucomicrobia_60_12,0.2447916666666666,0.2795138888888889,0.2986111111111111,0.1770833333333333,576
62,H3-18-all-fractions_metab_maxbC_83.Verrucomicrobia_60_12_H3-18-all-fractions_k255_3541071_10,H3-18-all-fractions_metab_maxbC_83.Verrucomicrobia_60_12,0.2180451127819548,0.2957393483709273,0.2907268170426065,0.1954887218045112,399
63,H3-18-all-fractions_metab_maxbC_83.Verrucomicrobia_60_12_H3-18-all-fractions_k255_3661356_7,H3-18-all-fractions_metab_maxbC_83.Verrucomicrobia_60_12,0.2518518518518518,0.2777777777777778,0.2888888888888888,0.1814814814814815,270
64,H3-18-all-fractions_metab_maxbC_83.Verrucomicrobia_60_12_H3-18-all-fractions_k255_3996563_3,H3-18-all-fractions_metab_maxbC_83.Verrucomicrobia_60_12,0.2666666666666666,0.3095238095238095,0.3,0.1238095238095238,210
65,H3-18-all-fractions_metab_maxbC_83.Verrucomicrobia_60_12_H3-18-all-fractions_k255_4314838_4,H3-18-all-fractions_metab_maxbC_83.Verrucomicrobia_60_12,0.2939393939393939,0.2666666666666666,0.2666666666666666,0.1727272727272727,330
66,H3-18-all-fractions_metab_maxbC_83.Verrucomicrobia_60_12_H3-18-all-fractions_k255_4314838_6,H3-18-all-fractions_metab_maxbC_83.Verrucomicrobia_60_12,0.2125,0.25625,0.34375,0.1875,480
67,H3-18-all-fractions_metab_maxbC_83.Verrucomicrobia_60_12_H3-18-all-fractions_k255_4867565_2,H3-18-all-fractions_metab_maxbC_83.Verrucomicrobia_60_12,0.2222222222222222,0.3333333333333333,0.28,0.1644444444444444,225
68,H3-18-all-fractions_metab_maxbC_83.Verrucomicrobia_60_12_H3-18-all-fractions_k255_5014999_5,H3-18-all-fractions_metab_maxbC_83.Verrucomicrobia_60_12,0.2878787878787879,0.2606060606060606,0.2848484848484848,0.1666666666666666,330
69,H3-18-all-fractions_metab_maxbC_83.Verrucomicrobia_60_12_H3-18-all-fractions_k255_5014999_7,H3-18-all-fractions_metab_maxbC_83.Verrucomicrobia_60_12,0.2232415902140672,0.2951070336391437,0.2966360856269113,0.1850152905198776,654
70,H3-18-all-fractions_metab_maxbC_83.Verrucomicrobia_60_12_H3-18-all-fractions_k255_5156968_14,H3-18-all-fractions_metab_maxbC_83.Verrucomicrobia_60_12,0.2196969696969697,0.3156565656565656,0.308080808080808,0.1565656565656565,396
71,H3-18-all-fractions_metab_maxbC_83.Verrucomicrobia_60_12_H3-18-all-fractions_k255_5156968_15,H3-18-all-fractions_metab_maxbC_83.Verrucomicrobia_60_12,0.2337962962962963,0.3055555555555556,0.2777777777777778,0.1828703703703703,432
72,H3-18-all-fractions_metab_maxbC_83.Verrucomicrobia_60_12_H3-18-all-fractions_k255_5156968_26,H3-18-all-fractions_metab_maxbC_83.Verrucomicrobia_60_12,0.2248062015503876,0.2713178294573643,0.3178294573643411,0.1860465116279069,258
73,H3-18-all-fractions_metab_maxbC_83.Verrucomicrobia_60_12_H3-18-all-fractions_k255_5156968_27,H3-18-all-fractions_metab_maxbC_83.Verrucomicrobia_60_12,0.2624113475177305,0.2978723404255319,0.2695035460992908,0.1702127659574468,141
74,H3-18-all-fractions_metab_maxbC_83.Verrucomicrobia_60_12_H3-18-all-fractions_k255_5282920_14,H3-18-all-fractions_metab_maxbC_83.Verrucomicrobia_60_12,0.238095238095238,0.2619047619047619,0.2976190476190476,0.2023809523809523,336
75,H3-18-all-fractions_metab_maxbC_83.Verrucomicrobia_60_12_H3-18-all-fractions_k255_5460553_7,H3-18-all-fractions_metab_maxbC_83.Verrucomicrobia_60_12,0.2676767676767677,0.2878787878787879,0.2828282828282828,0.1616161616161616,198
76,H3-18-all-fractions_metab_maxbC_83.Verrucomicrobia_60_12_H3-18-all-fractions_k255_5534128_4,H3-18-all-fractions_metab_maxbC_83.Verrucomicrobia_60_12,0.260707635009311,0.286778398510242,0.292364990689013,0.1601489757914339,537
77,H3-18-all-fractions_metab_maxbC_83.Verrucomicrobia_60_12_H3-18-all-fractions_k255_5809715_1,H3-18-all-fractions_metab_maxbC_83.Verrucomicrobia_60_12,0.2558685446009389,0.3028169014084507,0.2863849765258216,0.1549295774647887,426
78,H3-18-all-fractions_metab_maxbC_83.Verrucomicrobia_60_12_H3-18-all-fractions_k255_5809715_6,H3-18-all-fractions_metab_maxbC_83.Verrucomicrobia_60_12,0.2165242165242165,0.2777777777777778,0.329059829059829,0.1766381766381766,702
79,H3-18-all-fractions_metab_maxbC_83.Verrucomicrobia_60_12_H3-18-all-fractions_k255_5809715_7,H3-18-all-fractions_metab_maxbC_83.Verrucomicrobia_60_12,0.2197392923649906,0.2718808193668529,0.3333333333333333,0.1750465549348231,537
80,H3-18-all-fractions_metab_maxbC_83.Verrucomicrobia_60_12_H3-18-all-fractions_k255_5809715_8,H3-18-all-fractions_metab_maxbC_83.Verrucomicrobia_60_12,0.2487179487179487,0.2615384615384615,0.3615384615384615,0.1282051282051282,390
81,H3-18-all-fractions_metab_maxbC_83.Verrucomicrobia_60_12_H3-18-all-fractions_k255_5966396_2,H3-18-all-fractions_metab_maxbC_83.Verrucomicrobia_60_12,0.2568027210884354,0.2840136054421768,0.3112244897959184,0.1479591836734693,588
82,H3-18-all-fractions_metab_maxbC_83.Verrucomicrobia_60_12_H3-18-all-fractions_k255_5966396_3,H3-18-all-fractions_metab_maxbC_83.Verrucomicrobia_60_12,0.2350877192982456,0.2596491228070175,0.3403508771929824,0.1649122807017544,570
83,H3-18-all-fractions_metab_maxbC_83.Verrucomicrobia_60_12_H3-18-all-fractions_k255_5966396_4,H3-18-all-fractions_metab_maxbC_83.Verrucomicrobia_60_12,0.2457627118644068,0.2768361581920904,0.3333333333333333,0.1440677966101695,354
84,H3-18-all-fractions_metab_maxbC_83.Verrucomicrobia_60_12_H3-18-all-fractions_k255_5966396_5,H3-18-all-fractions_metab_maxbC_83.Verrucomicrobia_60_12,0.2611111111111111,0.2685185185185185,0.3018518518518518,0.1685185185185185,540
85,H3-18-all-fractions_metab_maxbC_83.Verrucomicrobia_60_12_H3-18-all-fractions_k255_5966396_6,H3-18-all-fractions_metab_maxbC_83.Verrucomicrobia_60_12,0.213032581453634,0.2907268170426065,0.2932330827067669,0.2030075187969924,399
86,H3-18-all-fractions_metab_maxbC_83.Verrucomicrobia_60_12_H3-18-all-fractions_k255_6092463_4,H3-18-all-fractions_metab_maxbC_83.Verrucomicrobia_60_12,0.2512820512820513,0.2871794871794871,0.3025641025641025,0.1589743589743589,195
87,H3-18-all-fractions_metab_maxbC_83.Verrucomicrobia_60_12_H3-18-all-fractions_k255_6404785_6,H3-18-all-fractions_metab_maxbC_83.Verrucomicrobia_60_12,0.2205882352941176,0.3088235294117647,0.2859477124183006,0.184640522875817,612
88,H3-18-all-fractions_metab_maxbC_83.Verrucomicrobia_60_12_H3-18-all-fractions_k255_6404785_7,H3-18-all-fractions_metab_maxbC_83.Verrucomicrobia_60_12,0.2147651006711409,0.3243847874720358,0.2885906040268456,0.1722595078299776,447
89,12C16O_0h_100_P16_coass_bin.12_12C16O_0h_100_P16_coass_k141_1582874_3,12C16O_0h_100_P16_coass_bin.12,0.3125,0.1909722222222222,0.2673611111111111,0.2291666666666666,288
90,12C16O_0h_100_P16_coass_bin.12_12C16O_0h_100_P16_coass_k141_1750313_4,12C16O_0h_100_P16_coass_bin.12,0.3602391629297459,0.1689088191330343,0.2316890881913303,0.2391629297458893,669
91,12C16O_0h_100_P16_coass_bin.12_12C16O_0h_100_P16_coass_k141_3756748_3,12C16O_0h_100_P16_coass_bin.12,0.3875968992248062,0.1201550387596899,0.2325581395348837,0.2596899224806202,258
92,12C16O_0h_100_P16_coass_bin.12_12C16O_0h_100_P16_coass_k141_1010576_7,12C16O_0h_100_P16_coass_bin.12,0.3625730994152046,0.1676413255360623,0.2436647173489278,0.226120857699805,513
93,12C16O_0h_100_P16_coass_bin.12_12C16O_0h_100_P16_coass_k141_1010576_8,12C16O_0h_100_P16_coass_bin.12,0.3263888888888889,0.1694444444444444,0.2541666666666666,0.25,720
94,12C16O_0h_100_P16_coass_bin.12_12C16O_0h_100_P16_coass_k141_1010576_13,12C16O_0h_100_P16_coass_bin.12,0.4079601990049751,0.1492537313432835,0.2338308457711442,0.208955223880597,201
95,12C16O_0h_100_P16_coass_bin.12_12C16O_0h_100_P16_coass_k141_1010576_14,12C16O_0h_100_P16_coass_bin.12,0.3547979797979798,0.1893939393939394,0.2411616161616161,0.2146464646464646,792
96,12C16O_0h_100_P16_coass_bin.12_12C16O_0h_100_P16_coass_k141_1010576_18,12C16O_0h_100_P16_coass_bin.12,0.3356973995271867,0.1832151300236406,0.2340425531914893,0.2470449172576832,846
97,12C16O_0h_100_P16_coass_bin.12_12C16O_0h_100_P16_coass_k141_1010576_19,12C16O_0h_100_P16_coass_bin.12,0.332378223495702,0.1595033428844317,0.2359121298949379,0.2722063037249284,1047
98,12C16O_0h_100_P16_coass_bin.12_12C16O_0h_100_P16_coass_k141_3686202_4,12C16O_0h_100_P16_coass_bin.12,0.3276353276353276,0.1367521367521367,0.2421652421652421,0.2934472934472934,351
99,12C16O_0h_100_P16_coass_bin.12_12C16O_0h_100_P16_coass_k141_3356393_3,12C16O_0h_100_P16_coass_bin.12,0.3374741200828157,0.15527950310559,0.2546583850931677,0.2525879917184265,483
100,12C16O_0h_100_P16_coass_bin.12_12C16O_0h_100_P16_coass_k141_3356393_8,12C16O_0h_100_P16_coass_bin.12,0.4026845637583892,0.1498881431767337,0.2237136465324384,0.2237136465324384,447
101,12C16O_0h_100_P16_coass_bin.12_12C16O_0h_100_P16_coass_k141_3356393_9,12C16O_0h_100_P16_coass_bin.12,0.4102564102564102,0.1398601398601398,0.2307692307692307,0.2191142191142191,429
102,12C16O_0h_100_P16_coass_bin.12_12C16O_0h_100_P16_coass_k141_3109869_17,12C16O_0h_100_P16_coass_bin.12,0.3472222222222222,0.1342592592592592,0.2962962962962963,0.2222222222222222,216
103,12C16O_0h_100_P16_coass_bin.12_12C16O_0h_100_P16_coass_k141_3109869_18,12C16O_0h_100_P16_coass_bin.12,0.3157894736842105,0.1719298245614035,0.2596491228070175,0.2526315789473684,285
104,12C16O_0h_100_P16_coass_bin.12_12C16O_0h_100_P16_coass_k141_280081_5,12C16O_0h_100_P16_coass_bin.12,0.3525641025641026,0.1794871794871795,0.2628205128205128,0.2051282051282051,312
105,12C16O_0h_100_P16_coass_bin.12_12C16O_0h_100_P16_coass_k141_280081_7,12C16O_0h_100_P16_coass_bin.12,0.3770739064856712,0.1900452488687782,0.2051282051282051,0.2277526395173454,663
106,12C16O_0h_100_P16_coass_bin.12_12C16O_0h_100_P16_coass_k141_528600_4,12C16O_0h_100_P16_coass_bin.12,0.4065040650406504,0.1422764227642276,0.2317073170731707,0.2195121951219512,246
107,12C16O_0h_100_P16_coass_bin.12_12C16O_0h_100_P16_coass_k141_3782732_7,12C16O_0h_100_P16_coass_bin.12,0.3821656050955414,0.1634819532908704,0.2123142250530785,0.2420382165605095,471
108,12C16O_0h_100_P16_coass_bin.12_12C16O_0h_100_P16_coass_k141_3782732_21,12C16O_0h_100_P16_coass_bin.12,0.3366336633663366,0.1567656765676567,0.2524752475247525,0.2541254125412541,606
109,12C16O_0h_100_P16_coass_bin.12_12C16O_0h_100_P16_coass_k141_3782732_22,12C16O_0h_100_P16_coass_bin.12,0.317351598173516,0.1803652968036529,0.2853881278538813,0.2168949771689497,438
110,12C16O_0h_100_P16_coass_bin.12_12C16O_0h_100_P16_coass_k141_3782732_24,12C16O_0h_100_P16_coass_bin.12,0.3657817109144542,0.1710914454277286,0.2094395280235988,0.2536873156342183,339
111,12C16O_0h_100_P16_coass_bin.12_12C16O_0h_100_P16_coass_k141_3288024_3,12C16O_0h_100_P16_coass_bin.12,0.325626204238921,0.1830443159922928,0.2369942196531791,0.2543352601156069,519
112,12C16O_0h_100_P16_coass_bin.12_12C16O_0h_100_P16_coass_k141_3956316_8,12C16O_0h_100_P16_coass_bin.12,0.3479166666666666,0.1479166666666666,0.25625,0.2479166666666666,480
113,12C16O_0h_100_P16_coass_bin.12_12C16O_0h_100_P16_coass_k141_546761_4,12C16O_0h_100_P16_coass_bin.12,0.3376906318082788,0.1612200435729847,0.2636165577342048,0.2374727668845316,459
114,12C16O_0h_100_P16_coass_bin.12_12C16O_0h_100_P16_coass_k141_2645923_2,12C16O_0h_100_P16_coass_bin.12,0.4365079365079365,0.1534391534391534,0.2486772486772486,0.1613756613756613,378
115,12C16O_0h_100_P16_coass_bin.12_12C16O_0h_100_P16_coass_k141_2983723_21,12C16O_0h_100_P16_coass_bin.12,0.3686534216335541,0.1810154525386313,0.2229580573951435,0.227373068432671,453
116,12C16O_0h_100_P16_coass_bin.12_12C16O_0h_100_P16_coass_k141_2405533_5,12C16O_0h_100_P16_coass_bin.12,0.3266998341625207,0.1890547263681592,0.2454394693200663,0.2388059701492537,603
117,12C18O_168h_50_P10_coass_bin.25_12C18O_168h_50_P10_coass_k141_586901_31,12C18O_168h_50_P10_coass_bin.25,0.2422839506172839,0.2885802469135802,0.3302469135802469,0.1388888888888889,648
118,12C18O_168h_50_P10_coass_bin.25_12C18O_168h_50_P10_coass_k141_586901_32,12C18O_168h_50_P10_coass_bin.25,0.1866666666666666,0.3422222222222222,0.2933333333333333,0.1777777777777777,225
119,12C18O_168h_50_P10_coass_bin.25_12C18O_168h_50_P10_coass_k141_586901_33,12C18O_168h_50_P10_coass_bin.25,0.2276422764227642,0.3116531165311653,0.3089430894308943,0.1517615176151761,369
120,12C18O_168h_50_P10_coass_bin.25_12C18O_168h_50_P10_coass_k141_2052204_23,12C18O_168h_50_P10_coass_bin.25,0.2976190476190476,0.2857142857142857,0.2678571428571428,0.1488095238095238,168
121,12C18O_168h_50_P10_coass_bin.25_12C18O_168h_50_P10_coass_k141_793871_2,12C18O_168h_50_P10_coass_bin.25,0.2049382716049382,0.3074074074074074,0.3617283950617284,0.1259259259259259,810
122,12C18O_168h_50_P10_coass_bin.25_12C18O_168h_50_P10_coass_k141_793871_7,12C18O_168h_50_P10_coass_bin.25,0.1944444444444444,0.308080808080808,0.3333333333333333,0.1641414141414141,396
123,12C18O_168h_50_P10_coass_bin.25_12C18O_168h_50_P10_coass_k141_2645537_45,12C18O_168h_50_P10_coass_bin.25,0.2598039215686274,0.3333333333333333,0.2892156862745098,0.1176470588235294,204
124,12C18O_168h_50_P10_coass_bin.25_12C18O_168h_50_P10_coass_k141_2645537_46,12C18O_168h_50_P10_coass_bin.25,0.2113095238095238,0.3630952380952381,0.2946428571428571,0.1309523809523809,336
125,12C18O_168h_50_P10_coass_bin.25_12C18O_168h_50_P10_coass_k141_896664_13,12C18O_168h_50_P10_coass_bin.25,0.1870503597122302,0.3573141486810551,0.3141486810551558,0.1414868105515587,417
126,12C18O_168h_50_P10_coass_bin.25_12C18O_168h_50_P10_coass_k141_994301_9,12C18O_168h_50_P10_coass_bin.25,0.2159090909090909,0.3446969696969697,0.3257575757575757,0.1136363636363636,264
127,12C18O_168h_50_P10_coass_bin.25_12C18O_168h_50_P10_coass_k141_2748772_27,12C18O_168h_50_P10_coass_bin.25,0.2131147540983606,0.302367941712204,0.3479052823315118,0.1366120218579235,549
128,12C18O_168h_50_P10_coass_bin.25_12C18O_168h_50_P10_coass_k141_2748772_28,12C18O_168h_50_P10_coass_bin.25,0.2203389830508474,0.3050847457627119,0.3220338983050847,0.1525423728813559,177
129,12C18O_168h_50_P10_coass_bin.25_12C18O_168h_50_P10_coass_k141_2748772_29,12C18O_168h_50_P10_coass_bin.25,0.1737588652482269,0.3156028368794326,0.3687943262411347,0.1418439716312056,564
130,12C18O_168h_50_P10_coass_bin.25_12C18O_168h_50_P10_coass_k141_130440_6,12C18O_168h_50_P10_coass_bin.25,0.2318840579710145,0.2995169082125604,0.3381642512077294,0.1304347826086956,207
131,12C18O_168h_50_P10_coass_bin.25_12C18O_168h_50_P10_coass_k141_130440_24,12C18O_168h_50_P10_coass_bin.25,0.2301587301587301,0.2857142857142857,0.2936507936507936,0.1904761904761904,126
132,12C18O_168h_50_P10_coass_bin.25_12C18O_168h_50_P10_coass_k141_130974_16,12C18O_168h_50_P10_coass_bin.25,0.2197962154294032,0.3187772925764192,0.3275109170305676,0.1339155749636099,687
133,12C18O_168h_50_P10_coass_bin.25_12C18O_168h_50_P10_coass_k141_3446848_7,12C18O_168h_50_P10_coass_bin.25,0.2037037037037037,0.3346560846560846,0.3095238095238095,0.1521164021164021,756
134,12C18O_168h_50_P10_coass_bin.25_12C18O_168h_50_P10_coass_k141_3446848_22,12C18O_168h_50_P10_coass_bin.25,0.2337662337662337,0.329004329004329,0.277056277056277,0.1601731601731601,231
135,12C18O_168h_50_P10_coass_bin.25_12C18O_168h_50_P10_coass_k141_1791633_14,12C18O_168h_50_P10_coass_bin.25,0.227891156462585,0.3129251700680272,0.3129251700680272,0.1462585034013605,294
136,12C18O_168h_50_P10_coass_bin.25_12C18O_168h_50_P10_coass_k141_2087749_15,12C18O_168h_50_P10_coass_bin.25,0.2354166666666666,0.31875,0.2979166666666666,0.1479166666666666,480
137,12C18O_168h_50_P10_coass_bin.25_12C18O_168h_50_P10_coass_k141_2087749_16,12C18O_168h_50_P10_coass_bin.25,0.1778929188255613,0.3557858376511226,0.3195164075993091,0.1468048359240069,579
138,12C18O_168h_50_P10_coass_bin.25_12C18O_168h_50_P10_coass_k141_2089954_7,12C18O_168h_50_P10_coass_bin.25,0.208130081300813,0.3349593495934959,0.3040650406504065,0.1528455284552845,615
139,12C18O_168h_50_P10_coass_bin.25_12C18O_168h_50_P10_coass_k141_4530828_6,12C18O_168h_50_P10_coass_bin.25,0.2276422764227642,0.3333333333333333,0.3062330623306233,0.1327913279132791,369
140,12C18O_168h_50_P10_coass_bin.25_12C18O_168h_50_P10_coass_k141_4530828_7,12C18O_168h_50_P10_coass_bin.25,0.1923076923076923,0.3615384615384615,0.3230769230769231,0.123076923076923,390
141,12C18O_168h_50_P10_coass_bin.25_12C18O_168h_50_P10_coass_k141_2388385_16,12C18O_168h_50_P10_coass_bin.25,0.1851851851851851,0.3555555555555555,0.3481481481481481,0.1111111111111111,135
142,12C18O_168h_50_P10_coass_bin.25_12C18O_168h_50_P10_coass_k141_2193356_23,12C18O_168h_50_P10_coass_bin.25,0.2150537634408602,0.3198924731182795,0.3091397849462365,0.1559139784946236,372
143,12C18O_168h_50_P10_coass_bin.25_12C18O_168h_50_P10_coass_k141_2193356_24,12C18O_168h_50_P10_coass_bin.25,0.1932059447983015,0.3397027600849256,0.3057324840764331,0.1613588110403397,471
144,12C18O_168h_50_P10_coass_bin.25_12C18O_168h_50_P10_coass_k141_4165616_26,12C18O_168h_50_P10_coass_bin.25,0.2129629629629629,0.3333333333333333,0.2962962962962963,0.1574074074074074,432
145,12C18O_168h_50_P10_coass_bin.25_12C18O_168h_50_P10_coass_k141_4165616_27,12C18O_168h_50_P10_coass_bin.25,0.2131616595135908,0.3104434907010014,0.3476394849785407,0.1287553648068669,699
146,12C18O_168h_50_P10_coass_bin.25_12C18O_168h_50_P10_coass_k141_2914074_14,12C18O_168h_50_P10_coass_bin.25,0.2222222222222222,0.3333333333333333,0.2777777777777778,0.1666666666666666,180
147,12C16O_168h_100_P14_coass_bin.8_12C16O_168h_100_P14_coass_k141_478659_3,12C16O_168h_100_P14_coass_bin.8,0.2333333333333333,0.3555555555555555,0.2740740740740741,0.137037037037037,270
148,12C16O_168h_100_P14_coass_bin.8_12C16O_168h_100_P14_coass_k141_99150_5,12C16O_168h_100_P14_coass_bin.8,0.2025316455696202,0.3670886075949367,0.2953586497890295,0.1350210970464135,237
149,12C16O_168h_100_P14_coass_bin.8_12C16O_168h_100_P14_coass_k141_2874211_2,12C16O_168h_100_P14_coass_bin.8,0.1947565543071161,0.3820224719101123,0.3108614232209737,0.1123595505617977,267
150,12C16O_168h_100_P14_coass_bin.8_12C16O_168h_100_P14_coass_k141_583376_3,12C16O_168h_100_P14_coass_bin.8,0.1948051948051948,0.3593073593073593,0.3073593073593073,0.1385281385281385,462
151,12C16O_168h_100_P14_coass_bin.8_12C16O_168h_100_P14_coass_k141_583376_4,12C16O_168h_100_P14_coass_bin.8,0.1865828092243186,0.3584905660377358,0.3291404612159329,0.1257861635220125,477
152,12C16O_168h_100_P14_coass_bin.8_12C16O_168h_100_P14_coass_k141_1923644_13,12C16O_168h_100_P14_coass_bin.8,0.3095238095238095,0.3035714285714285,0.25,0.1369047619047619,168
153,12C16O_168h_100_P14_coass_bin.8_12C16O_168h_100_P14_coass_k141_3836060_11,12C16O_168h_100_P14_coass_bin.8,0.1901408450704225,0.323943661971831,0.3474178403755869,0.1384976525821596,426
154,12C16O_168h_100_P14_coass_bin.8_12C16O_168h_100_P14_coass_k141_3836060_13,12C16O_168h_100_P14_coass_bin.8,0.1743589743589743,0.3769230769230769,0.3153846153846154,0.1333333333333333,390
155,12C16O_168h_100_P14_coass_bin.8_12C16O_168h_100_P14_coass_k141_3836060_14,12C16O_168h_100_P14_coass_bin.8,0.2059620596205962,0.3631436314363143,0.3116531165311653,0.1192411924119241,369
156,12C16O_168h_100_P14_coass_bin.8_12C16O_168h_100_P14_coass_k141_3836060_17,12C16O_168h_100_P14_coass_bin.8,0.1624472573839662,0.3628691983122363,0.3586497890295358,0.1160337552742616,474
157,12C16O_168h_100_P14_coass_bin.8_12C16O_168h_100_P14_coass_k141_3836060_18,12C16O_168h_100_P14_coass_bin.8,0.1794871794871795,0.3743589743589743,0.3282051282051282,0.1179487179487179,195
158,12C16O_168h_100_P14_coass_bin.8_12C16O_168h_100_P14_coass_k141_3836060_19,12C16O_168h_100_P14_coass_bin.8,0.157167530224525,0.3626943005181347,0.3626943005181347,0.1174438687392055,579
159,12C16O_168h_100_P14_coass_bin.8_12C16O_168h_100_P14_coass_k141_3836060_20,12C16O_168h_100_P14_coass_bin.8,0.1652892561983471,0.3388429752066115,0.371900826446281,0.1239669421487603,363
160,12C16O_168h_100_P14_coass_bin.8_12C16O_168h_100_P14_coass_k141_3836060_21,12C16O_168h_100_P14_coass_bin.8,0.2097378277153558,0.2958801498127341,0.350187265917603,0.1441947565543071,534
161,12C16O_168h_100_P14_coass_bin.8_12C16O_168h_100_P14_coass_k141_3836060_22,12C16O_168h_100_P14_coass_bin.8,0.1829573934837092,0.3383458646616541,0.3283208020050125,0.150375939849624,399
162,12C16O_168h_100_P14_coass_bin.8_12C16O_168h_100_P14_coass_k141_3836060_23,12C16O_168h_100_P14_coass_bin.8,0.2254901960784313,0.3137254901960784,0.326797385620915,0.1339869281045751,306
163,12C16O_168h_100_P14_coass_bin.8_12C16O_168h_100_P14_coass_k141_3836060_24,12C16O_168h_100_P14_coass_bin.8,0.2138888888888888,0.3263888888888889,0.3416666666666667,0.1180555555555555,720
164,12C16O_168h_100_P14_coass_bin.8_12C16O_168h_100_P14_coass_k141_3836060_25,12C16O_168h_100_P14_coass_bin.8,0.210691823899371,0.3081761006289308,0.3616352201257861,0.1194968553459119,318
165,12C16O_168h_100_P14_coass_bin.8_12C16O_168h_100_P14_coass_k141_3836060_26,12C16O_168h_100_P14_coass_bin.8,0.1978319783197832,0.3252032520325203,0.3306233062330623,0.1463414634146341,369
166,12C16O_168h_100_P14_coass_bin.8_12C16O_168h_100_P14_coass_k141_3836060_27,12C16O_168h_100_P14_coass_bin.8,0.2266666666666666,0.3,0.3333333333333333,0.14,300
167,12C16O_168h_100_P14_coass_bin.8_12C16O_168h_100_P14_coass_k141_3836060_28,12C16O_168h_100_P14_coass_bin.8,0.2206572769953051,0.3427230046948357,0.323943661971831,0.1126760563380281,213
168,12C16O_168h_100_P14_coass_bin.8_12C16O_168h_100_P14_coass_k141_3836060_29,12C16O_168h_100_P14_coass_bin.8,0.1763285024154589,0.3405797101449275,0.3526570048309179,0.1304347826086956,414
169,12C16O_168h_100_P14_coass_bin.8_12C16O_168h_100_P14_coass_k141_3836060_30,12C16O_168h_100_P14_coass_bin.8,0.1884669479606188,0.3375527426160337,0.3445850914205344,0.1293952180028129,711
170,12C16O_168h_100_P14_coass_bin.8_12C16O_168h_100_P14_coass_k141_3836060_31,12C16O_168h_100_P14_coass_bin.8,0.1822916666666666,0.3515625,0.3229166666666667,0.1432291666666666,384
171,12C16O_168h_100_P14_coass_bin.8_12C16O_168h_100_P14_coass_k141_3836060_32,12C16O_168h_100_P14_coass_bin.8,0.2114695340501792,0.3261648745519713,0.3010752688172043,0.1612903225806451,279
172,12C16O_168h_100_P14_coass_bin.8_12C16O_168h_100_P14_coass_k141_3836060_33,12C16O_168h_100_P14_coass_bin.8,0.1880952380952381,0.3630952380952381,0.3273809523809524,0.1214285714285714,840
173,12C16O_168h_100_P14_coass_bin.8_12C16O_168h_100_P14_coass_k141_3836060_34,12C16O_168h_100_P14_coass_bin.8,0.2154882154882154,0.3097643097643097,0.3164983164983165,0.1582491582491582,297
174,12C16O_168h_100_P14_coass_bin.8_12C16O_168h_100_P14_coass_k141_3836060_35,12C16O_168h_100_P14_coass_bin.8,0.1755233494363929,0.3542673107890499,0.3478260869565217,0.1223832528180354,621
175,12C16O_168h_100_P14_coass_bin.8_12C16O_168h_100_P14_coass_k141_2692745_8,12C16O_168h_100_P14_coass_bin.8,0.203883495145631,0.343042071197411,0.3236245954692556,0.1294498381877022,618
176,12C16O_168h_100_P14_coass_bin.8_12C16O_168h_100_P14_coass_k141_400112_15,12C16O_168h_100_P14_coass_bin.8,0.1805555555555555,0.3611111111111111,0.3229166666666667,0.1354166666666666,288
177,12C16O_168h_100_P14_coass_bin.8_12C16O_168h_100_P14_coass_k141_2791505_20,12C16O_168h_100_P14_coass_bin.8,0.1743119266055046,0.3486238532110092,0.3577981651376147,0.1192660550458715,327
178,12C16O_168h_100_P14_coass_bin.8_12C16O_168h_100_P14_coass_k141_3651531_6,12C16O_168h_100_P14_coass_bin.8,0.1888888888888888,0.34,0.3244444444444444,0.1466666666666666,450
179,12C16O_168h_100_P14_coass_bin.8_12C16O_168h_100_P14_coass_k141_3651531_7,12C16O_168h_100_P14_coass_bin.8,0.1694915254237288,0.326271186440678,0.3757062146892655,0.1285310734463277,708
180,12C16O_168h_100_P14_coass_bin.8_12C16O_168h_100_P14_coass_k141_1169348_3,12C16O_168h_100_P14_coass_bin.8,0.1766169154228855,0.3606965174129353,0.3308457711442786,0.1318407960199005,402
181,12C16O_168h_100_P14_coass_bin.8_12C16O_168h_100_P14_coass_k141_1553660_3,12C16O_168h_100_P14_coass_bin.8,0.2208333333333333,0.3041666666666666,0.3083333333333333,0.1666666666666666,240
182,12C16O_168h_100_P14_coass_bin.8_12C16O_168h_100_P14_coass_k141_2031906_29,12C16O_168h_100_P14_coass_bin.8,0.2314814814814814,0.3611111111111111,0.3055555555555556,0.1018518518518518,108
183,12C16O_168h_100_P14_coass_bin.8_12C16O_168h_100_P14_coass_k141_1846782_16,12C16O_168h_100_P14_coass_bin.8,0.1827016520894072,0.358600583090379,0.3206997084548105,0.1379980563654033,1029
184,12C16O_168h_100_P14_coass_bin.8_12C16O_168h_100_P14_coass_k141_4147094_5,12C16O_168h_100_P14_coass_bin.8,0.1904761904761904,0.3703703703703703,0.3068783068783068,0.1322751322751322,189
185,12C16O_168h_100_P14_coass_bin.8_12C16O_168h_100_P14_coass_k141_2248079_2,12C16O_168h_100_P14_coass_bin.8,0.2133333333333333,0.3306666666666666,0.3306666666666666,0.1253333333333333,375
186,12C16O_168h_100_P14_coass_bin.8_12C16O_168h_100_P14_coass_k141_2248079_3,12C16O_168h_100_P14_coass_bin.8,0.2786069651741293,0.3034825870646766,0.2985074626865671,0.1194029850746268,201
187,12C16O_168h_100_P14_coass_bin.8_12C16O_168h_100_P14_coass_k141_2060477_1,12C16O_168h_100_P14_coass_bin.8,0.1651376146788991,0.3425076452599388,0.4036697247706422,0.0886850152905198,327
188,12C16O_168h_100_P14_coass_bin.8_12C16O_168h_100_P14_coass_k141_1393796_4,12C16O_168h_100_P14_coass_bin.8,0.1409691629955947,0.3788546255506608,0.3465491923641703,0.1336270190895741,681
189,12C16O_168h_100_P14_coass_bin.8_12C16O_168h_100_P14_coass_k141_2349976_2,12C16O_168h_100_P14_coass_bin.8,0.1815718157181571,0.3712737127371274,0.3414634146341463,0.1056910569105691,369
190,12C16O_168h_100_P14_coass_bin.8_12C16O_168h_100_P14_coass_k141_4372133_7,12C16O_168h_100_P14_coass_bin.8,0.1910112359550561,0.348314606741573,0.3108614232209737,0.149812734082397,267
191,12C16O_168h_100_P14_coass_bin.8_12C16O_168h_100_P14_coass_k141_4372133_8,12C16O_168h_100_P14_coass_bin.8,0.1935483870967742,0.3526881720430107,0.3548387096774194,0.0989247311827957,465
192,12C16O_168h_100_P14_coass_bin.8_12C16O_168h_100_P14_coass_k141_4186631_3,12C16O_168h_100_P14_coass_bin.8,0.1944444444444444,0.3247863247863248,0.3525641025641026,0.1282051282051282,468
193,12C16O_168h_100_P14_coass_bin.8_12C16O_168h_100_P14_coass_k141_4186631_4,12C16O_168h_100_P14_coass_bin.8,0.1505376344086021,0.3369175627240143,0.3548387096774194,0.1577060931899641,279
194,12C16O_168h_100_P14_coass_bin.8_12C16O_168h_100_P14_coass_k141_4186631_6,12C16O_168h_100_P14_coass_bin.8,0.1798941798941798,0.365079365079365,0.3421516754850088,0.1128747795414462,567
195,12C18O_24h_100_P14_coass_bin.33_12C18O_24h_100_P14_coass_k141_2778056_2,12C18O_24h_100_P14_coass_bin.33,0.2055016181229773,0.3398058252427184,0.3236245954692556,0.1310679611650485,618
196,12C18O_24h_100_P14_coass_bin.33_12C18O_24h_100_P14_coass_k141_1112292_5,12C18O_24h_100_P14_coass_bin.33,0.1827016520894072,0.3566569484936832,0.3206997084548105,0.1399416909620991,1029
197,12C18O_24h_100_P14_coass_bin.33_12C18O_24h_100_P14_coass_k141_1113092_13,12C18O_24h_100_P14_coass_bin.33,0.186897880539499,0.3641618497109826,0.3044315992292871,0.1445086705202312,519
198,12C18O_24h_100_P14_coass_bin.33_12C18O_24h_100_P14_coass_k141_1113092_14,12C18O_24h_100_P14_coass_bin.33,0.1946666666666666,0.3066666666666666,0.3573333333333333,0.1413333333333333,375
199,12C18O_24h_100_P14_coass_bin.33_12C18O_24h_100_P14_coass_k141_3521956_7,12C18O_24h_100_P14_coass_bin.33,0.2333333333333333,0.3555555555555555,0.2740740740740741,0.137037037037037,270
200,12C18O_24h_100_P14_coass_bin.33_12C18O_24h_100_P14_coass_k141_1671708_10,12C18O_24h_100_P14_coass_bin.33,0.1983122362869198,0.3628691983122363,0.3037974683544304,0.1350210970464135,237
201,12C18O_24h_100_P14_coass_bin.33_12C18O_24h_100_P14_coass_k141_1764350_1,12C18O_24h_100_P14_coass_bin.33,0.1666666666666666,0.3362068965517241,0.4051724137931034,0.0919540229885057,348
